Similarity and Privacy evaluation
wasserstein_distance_numerical: 0.08775292556404356
js_similarity_categorical: 0.9221785974784914
correlation_pearson: 0.8826560031437035
correlation_spearman: 0.9245211565302766
dcr_euclidean: 0.3807134024424786
nndr_euclidean: 0.9105376238528875
nndr_cosine: 0.8356187238848691
gower_distance: 0.18348255324998405
dcr_gower_distance: 0.029025930736977772

Absolute Difference of Basic Statistics:
mean: 0.061634612618906855
median: 0.03755080233804236
var: 0.05011151255557464
Statistics computed column-wise, then average is taken.

Machine Learning Evaluation Results:
{'val': {'r2': 0.3804, 'rmse': 0.7197}, 'test': {'r2': 0.369, 'rmse': 0.6826}}

Total training time: 25 min 1.93 sec
