Similarity and Privacy evaluation
wasserstein_distance_numerical: 0.02120536242708749
js_similarity_categorical: 0.9905349849975058
correlation_pearson: 0.9949733034722653
correlation_spearman: 0.9875211212364503
dcr_euclidean: 0.0951216167749769
nndr_euclidean: 0.8208495313128427
nndr_cosine: 0.6805826189720305
gower_distance: 0.49709321392100514

Absolute Difference of Basic Statistics:
mean: 0.003242274995945095
median: 0.0007110298510327039
var: 0.0013516793027243685
Statistics computed column-wise, then average is taken.

Machine Learning Evaluation Results:
{'val': {'acc': 0.8892, 'f1': 0.8942}, 'test': {'acc': 0.8747, 'f1': 0.8815}}

Total training time: 50 min 13.49 sec
