Similarity and Privacy evaluation
wasserstein_distance_numerical: 0.005323780401254818
js_similarity_categorical: 0.9909561778357742
correlation_pearson: 0.9948381669485656
correlation_spearman: 0.9880409630881604
dcr_euclidean: 0.08984172761692227
nndr_euclidean: 0.8117327088801849
nndr_cosine: 0.6758761700091467
gower_distance: 0.49382827417160646

Absolute Difference of Basic Statistics:
mean: 0.0024305358332290103
median: 0.00025299058607914266
var: 0.001048098836157966
Statistics computed column-wise, then average is taken.

Machine Learning Evaluation Results:
{'val': {'acc': 0.8898, 'f1': 0.8951}, 'test': {'acc': 0.8885, 'f1': 0.8955}}

Total training time: 75 min 0.42 sec
