Similarity and Privacy evaluation
wasserstein_distance_numerical: 0.009757086590460094
js_similarity_categorical: 0.9902326204800496
correlation_pearson: 0.994445248140908
correlation_spearman: 0.9865635318621354
dcr_euclidean: 0.08556334798329672
nndr_euclidean: 0.8067964944261903
nndr_cosine: 0.6677778766644887
gower_distance: 0.4918504508639909

Absolute Difference of Basic Statistics:
mean: 0.002568879355440061
median: 0.0003424497395173615
var: 0.0011669226942838272
Statistics computed column-wise, then average is taken.

Machine Learning Evaluation Results:
{'val': {'acc': 0.8882, 'f1': 0.8953}, 'test': {'acc': 0.8861, 'f1': 0.8967}}

Total training time: 99 min 43.99 sec
