Similarity and Privacy evaluation
wasserstein_distance_numerical: 0.004872796269369317
js_similarity_categorical: 0.9924994301822245
correlation_pearson: 0.9951540826548335
correlation_spearman: 0.9512439663753463
dcr_euclidean: 0.05941865813777309
nndr_euclidean: 0.6534687926748427
nndr_cosine: 0.4990793089295475
gower_distance: 0.44681103366923347
dcr_gower_distance: 0.08134817166323216

Absolute Difference of Basic Statistics:
mean: 0.004109943956254019
median: 0.011822292010201678
var: 0.002116614539539152
Statistics computed column-wise, then average is taken.

Machine Learning Evaluation Results:
See results_catboost.json

Total training, sampling and evaluation time: 1 min 38.00 sec
