Similarity and Privacy evaluation
wasserstein_distance_numerical: 0.016409873186125024
js_similarity_categorical: 0.9953679463267109
correlation_pearson: 0.9347002879975596
correlation_spearman: 0.9657113277373938
dcr_euclidean: 0.09811184593718954
nndr_euclidean: 0.8585327127544969
nndr_cosine: 0.7358550829496199
gower_distance: 0.134262610819489
dcr_gower_distance: 0.01494570477087199

Absolute Difference of Basic Statistics:
mean: 0.008467314594607884
median: 0.004412974028689774
var: 0.011077898543012102
Statistics computed column-wise, then average is taken.

Machine Learning Evaluation Results:
{'val': {'r2': 0.8121, 'rmse': 0.495}, 'test': {'r2': 0.8138, 'rmse': 0.4927}}

Total training time: 8 min 37.76 sec
