Similarity and Privacy evaluation
wasserstein_distance_numerical: 0.00825681533905558
js_similarity_categorical: 0.9906522995105448
correlation_pearson: 0.9953384158071369
correlation_spearman: 0.9867883119834105
dcr_all_euclidean: 0.0881493814706898
nndr_euclidean: 0.8081383290887895
nndr_cosine: 0.6748940034386168
gower_distance: 0.4908409024859008
dcr_gower: 0.002790404829066895

Absolute Difference of Basic Statistics:
mean: 0.0029033138516367974
median: 8.252881134232981e-05
var: 0.0012468647388291488
Statistics computed column-wise, then average is taken.
