Similarity and Privacy evaluation
wasserstein_distance_numerical: 0.00593225814452422
js_similarity_categorical: 0.9961264932064918
correlation_pearson: 0.9599973613531744
correlation_spearman: 0.9917230527729491
dcr_euclidean: 0.06273819178648023
nndr_euclidean: 0.8507763254517431
nndr_cosine: 0.7295320652110424
gower_distance: 0.12529939947101554
dcr_gower_distance: 0.014709805442299686

Absolute Difference of Basic Statistics:
mean: 0.0036521321550017746
median: 0.0016695450295041213
var: 0.0033569187326331065
Statistics computed column-wise, then average is taken.

Machine Learning Evaluation Results:
{'val': {'r2': 0.82, 'rmse': 0.4844}, 'test': {'r2': 0.8208, 'rmse': 0.4833}}

Total training time: 32 min 11.92 sec
