Similarity and Privacy evaluation
wasserstein_distance_numerical: 0.07967275643944037
js_similarity_categorical: 0.9793966566188037
correlation_pearson: 0.9661624885225122
correlation_spearman: 0.9652939918630891
dcr_euclidean: 0.2503559906262289
nndr_euclidean: 0.7710596514941375
nndr_cosine: 0.6272481290152319
gower_distance: 0.3731584684181026
dcr_gower_distance: 0.052160792608966985

Absolute Difference of Basic Statistics:
mean: 0.036014989244715905
median: 0.06988654142195992
var: 0.014362736680881942
Statistics computed column-wise, then average is taken.

Machine Learning Evaluation Results:
{'val': {'acc': 0.8662, 'f1': 0.7439, 'roc_auc': 0.8644}, 'test': {'acc': 0.8545, 'f1': 0.7127, 'roc_auc': 0.8437}}

Total training time: 56 min 2.77 sec
