Similarity and Privacy evaluation
wasserstein_distance_numerical: 0.0245866675834796
js_similarity_categorical: 0.9927090234818148
correlation_pearson: 0.9709062611955496
correlation_spearman: 0.9852192783660212
dcr_euclidean: 0.07880732676594536
nndr_euclidean: 0.8427193616135042
nndr_cosine: 0.7461342024262289
gower_distance: 0.234571929131327
dcr_gower_distance: 0.014391876055293237

Absolute Difference of Basic Statistics:
mean: 0.009716113395926955
median: 0.0033952886531173243
var: 0.011826276110809731
Statistics computed column-wise, then average is taken.

Machine Learning Evaluation Results:
{'val': {'r2': 0.5678, 'rmse': 2.0539}, 'test': {'r2': 0.5303, 'rmse': 2.0673}}

Total training time: 29 min 53.36 sec
