Similarity and Privacy evaluation
wasserstein_distance_numerical: 0.02529858364973935
js_similarity_categorical: 0.9903933085823633
correlation_pearson: 0.958906250859611
correlation_spearman: 0.9827930420104459
dcr_all_euclidean: 0.08848582979917313
dcr_numerical_euclidean: 0.06601342056046865
dcr_categorical_hamming: 0.053009259259259256
nndr_euclidean: 0.8472327627215047
nndr_cosine: 0.74968022373272

Absolute Difference of Basic Statistics:
mean: 0.011807254075844438
median: 0.004546485039974566
var: 0.013025374180110516
Statistics computed column-wise, then average is taken.
