Similarity and Privacy evaluation
wasserstein_distance_numerical: 0.5551207397741537
js_similarity_categorical: 0.9975387568540167
correlation_pearson: 0.9671589921136191
correlation_spearman: 0.9541489141604395
dcr_euclidean: 2.5954318326616415
nndr_euclidean: 0.9603506018911215
nndr_cosine: 0.9172337646113811
gower_distance: 0.5636280311613286

Absolute Difference of Basic Statistics:
mean: 0.2428541032587623
median: 0.4693729914314824
var: 0.1604845228563577
Statistics computed column-wise, then average is taken.

Machine Learning Evaluation Results:
{'val': {'acc': 0.4791, 'f1': 0.3526}, 'test': {'acc': 0.4643, 'f1': 0.3241}}

Total training time: 68 min 14.28 sec
