Similarity and Privacy evaluation
wasserstein_distance_numerical: 0.03512690630253811
js_similarity_categorical: 0.9905575779795377
correlation_pearson: 0.9293994259559958
correlation_spearman: 0.9701745635818435
dcr_euclidean: 0.11707831271824165
nndr_euclidean: 0.8672895226069595
nndr_cosine: 0.7713913448255949
gower_distance: 0.24252482397446648

Absolute Difference of Basic Statistics:
mean: 0.016210545018550456
median: 0.004256557333295019
var: 0.017523694393863868
Statistics computed column-wise, then average is taken.

Machine Learning Evaluation Results:
{'val': {'r2': 0.57, 'rmse': 2.0487}, 'test': {'r2': 0.5612, 'rmse': 1.9981}}

Total training time: 10 min 44.48 sec
