Similarity and Privacy evaluation
wasserstein_distance_numerical: 0.1933791270586123
js_similarity_categorical: 0.9741303152399506
correlation_pearson: 0.9863959755527982
correlation_spearman: 0.9636390903620905
dcr_euclidean: 0.23159608357808625
nndr_euclidean: 0.8612428328292644
nndr_cosine: 0.7482161677162007
gower_distance: 0.5502958953998948
dcr_gower_distance: 0.08483299206864965

Absolute Difference of Basic Statistics:
mean: 0.016865392757548007
median: 0.014537542499453606
var: 0.008817899611188985
Statistics computed column-wise, then average is taken.

Machine Learning Evaluation Results:
{'val': {'acc': 0.8762, 'f1': 0.8739}, 'test': {'acc': 0.8707, 'f1': 0.8613}}

Total training time: 121 min 27.43 sec
