Similarity and Privacy evaluation
wasserstein_distance_numerical: 0.017239346416258277
js_similarity_categorical: 0.9923926618324662
correlation_pearson: 0.9924645812478311
correlation_spearman: 0.9863297040029505
dcr_euclidean: 0.09201758460336235
nndr_euclidean: 0.7575596406738546
nndr_cosine: 0.6065909946304595
gower_distance: 0.45343646179404373
dcr_gower_distance: 0.08176334686649778

Absolute Difference of Basic Statistics:
mean: 0.0057148870483767385
median: 0.012595374191773883
var: 0.002704941576775206
Statistics computed column-wise, then average is taken.

Machine Learning Evaluation Results:
{'val': {'r2': 0.9507, 'rmse': 40.0795}, 'test': {'r2': 0.9512, 'rmse': 39.3064}}

Total training time: 102 min 57.87 sec
