Similarity and Privacy evaluation
wasserstein_distance_numerical: 0.013566274099725335
js_similarity_categorical: 0.9975387568540167
correlation_pearson: 0.9131309408423386
correlation_spearman: 0.977747114010374
dcr_euclidean: 0.15613118945516627
nndr_euclidean: 0.9036379615078182
nndr_cosine: 0.8261558886587959
gower_distance: 0.07527376877753743
dcr_gower_distance: 0.01674204643588619

Absolute Difference of Basic Statistics:
mean: 0.00488283180123327
median: 0.001954111090567721
var: 0.005949978355961785
Statistics computed column-wise, then average is taken.

Machine Learning Evaluation Results:
{'val': {'acc': 0.6589, 'f1': 0.6188}, 'test': {'acc': 0.6289, 'f1': 0.5824}}

Total training time: 11 min 1.65 sec
