Similarity and Privacy evaluation
wasserstein_distance_numerical: 0.012887303947120678
js_similarity_categorical: 0.996895290614642
correlation_pearson: 0.9935499986997215
correlation_spearman: 0.9843936424561621
dcr_euclidean: 0.061422790554271946
nndr_euclidean: 0.5470526794681697
nndr_cosine: 0.377806317621042
gower_distance: 0.36705239693360775
dcr_gower_distance: 0.017462676846170474

Absolute Difference of Basic Statistics:
mean: 0.005041568248623687
median: 0.0024628153074495013
var: 0.0009279077211077203
Statistics computed column-wise, then average is taken.

Machine Learning Evaluation Results:
{'val': {'r2': 0.8309, 'rmse': 4766.8947}, 'test': {'r2': 0.8118, 'rmse': 4779.0193}}

Total training time: 6 min 34.18 sec
