Similarity and Privacy evaluation
wasserstein_distance_numerical: 0.08288788384868107
js_similarity_categorical: 0.9801436880291621
correlation_pearson: 0.962615499699299
correlation_spearman: 0.9650835535667905
dcr_euclidean: 0.09072615795499919
nndr_euclidean: 0.5068860066298979
nndr_cosine: 0.34892772466727545
gower_distance: 0.3939108814883466
dcr_gower_distance: 0.019238356390156395

Absolute Difference of Basic Statistics:
mean: 0.03069341623290429
median: 0.007796122854870563
var: 0.014839246287030294
Statistics computed column-wise, then average is taken.

Machine Learning Evaluation Results:
{'val': {'r2': 0.8157, 'rmse': 4976.3189}, 'test': {'r2': 0.8008, 'rmse': 4916.9287}}

Total training time: 6 min 47.10 sec
