Similarity and Privacy evaluation
wasserstein_distance_numerical: 0.02675586423468668
js_similarity_categorical: 0.9839508469312594
correlation_pearson: 0.9856685742138477
correlation_spearman: 0.9831677517886256
dcr_euclidean: 0.05108956920523756
nndr_euclidean: 0.49547241509688955
nndr_cosine: 0.33609980473067025
gower_distance: 0.36605698677559756
dcr_gower_distance: 0.018095276840233418

Absolute Difference of Basic Statistics:
mean: 0.017727765589485717
median: 0.02106450476598153
var: 0.00464724181667919
Statistics computed column-wise, then average is taken.

Machine Learning Evaluation Results:
{'val': {'r2': 0.8314, 'rmse': 4759.5346}, 'test': {'r2': 0.8121, 'rmse': 4774.6704}}

Total training time: 6 min 51.02 sec
