Similarity and Privacy evaluation
wasserstein_distance_numerical: 0.020743175424772695
js_similarity_categorical: 0.9938577371556007
correlation_pearson: 0.9915401493690522
correlation_spearman: 0.9877681090605746
dcr_euclidean: 0.22846782342360028
nndr_euclidean: 0.8243082579692625
nndr_cosine: 0.6858245241662111
gower_distance: 0.35708992425409836
dcr_gower_distance: 0.048935426445014564

Absolute Difference of Basic Statistics:
mean: 0.006515994278249855
median: 0.041296532725561115
var: 0.0044838373153590185
Statistics computed column-wise, then average is taken.

Machine Learning Evaluation Results:
{'val': {'acc': 0.8638, 'f1': 0.7572, 'roc_auc': 0.8547}, 'test': {'acc': 0.855, 'f1': 0.7382, 'roc_auc': 0.8506}}

Total training time: 10 min 10.39 sec
