Similarity and Privacy evaluation
wasserstein_distance_numerical: 0.011200591973445695
js_similarity_categorical: 0.9975387568540167
correlation_pearson: 0.9826061236563486
correlation_spearman: 0.9882044501240922
dcr_euclidean: 0.07457055714173032
nndr_euclidean: 0.8948240016182095
nndr_cosine: 0.8130446973750137
gower_distance: 0.06094752442160523
dcr_gower_distance: 0.016638660514552088

Absolute Difference of Basic Statistics:
mean: 0.0052715824501179415
median: 0.001870252052130322
var: 0.002161413304091639
Statistics computed column-wise, then average is taken.

Machine Learning Evaluation Results:
{'val': {'acc': 0.6677, 'f1': 0.6283}, 'test': {'acc': 0.639, 'f1': 0.5903}}

Total training time: 39 min 44.20 sec
