Similarity and Privacy evaluation
wasserstein_distance_numerical: 0.00641460834491422
js_similarity_categorical: 0.9884072414299031
correlation_pearson: 0.9661440351568917
correlation_spearman: 0.9897795055893791
dcr_euclidean: 0.052211919650014434
nndr_euclidean: 0.8439511146571017
nndr_cosine: 0.7204715079179387
gower_distance: 0.1222540866531935

Absolute Difference of Basic Statistics:
mean: 0.004832098472901222
median: 0.0014175767071916492
var: 0.0031788842926406
Statistics computed column-wise, then average is taken.

Machine Learning Evaluation Results:
{'val': {'r2': 0.7868, 'rmse': 0.5272}, 'test': {'r2': 0.7806, 'rmse': 0.5349}}

Total training time: 16 min 18.66 sec
