Similarity and Privacy evaluation
wasserstein_distance_numerical: 0.002844160195141561
js_similarity_categorical: 0.9969344549214335
correlation_pearson: 0.9718374489440852
correlation_spearman: 0.996052953779151
dcr_euclidean: 0.049255408595348334
nndr_euclidean: 0.8443127761365171
nndr_cosine: 0.7232845388953043
gower_distance: 0.12287065391957946
dcr_gower_distance: 0.014422017652546361

Absolute Difference of Basic Statistics:
mean: 0.002244570877880547
median: 0.0008595514858396587
var: 0.0009680684558006551
Statistics computed column-wise, then average is taken.

Machine Learning Evaluation Results:
{'val': {'r2': 0.809, 'rmse': 0.4991}, 'test': {'r2': 0.797, 'rmse': 0.5145}}

Total training time: 5 min 6.92 sec
