Similarity and Privacy evaluation
wasserstein_distance_numerical: 0.5821561579766003
js_similarity_categorical: 0.9975387568540167
correlation_pearson: 0.9649169763396909
correlation_spearman: 0.9403382032492824
dcr_euclidean: 2.7206144997497788
nndr_euclidean: 0.9629567654546407
nndr_cosine: 0.9207875198246674
gower_distance: 0.5879217821343791
dcr_gower_distance: 0.05489084180537003

Absolute Difference of Basic Statistics:
mean: 0.24217244261536083
median: 0.5185993768829066
var: 0.15834085334038142
Statistics computed column-wise, then average is taken.

Machine Learning Evaluation Results:
{'val': {'acc': 0.4089, 'f1': 0.2263}, 'test': {'acc': 0.4177, 'f1': 0.2326}}

Total training time: 70 min 41.51 sec
