Similarity and Privacy evaluation
wasserstein_distance_numerical: 0.02630229731476921
js_similarity_categorical: 0.995311720596801
correlation_pearson: 0.9410436120431422
correlation_spearman: 0.9766762051555575
dcr_euclidean: 0.10102482357195697
nndr_euclidean: 0.8615584877355321
nndr_cosine: 0.7645488618369419
gower_distance: 0.23562071415290395
dcr_gower_distance: 0.014129643421920015

Absolute Difference of Basic Statistics:
mean: 0.00910363485264256
median: 0.004842795286084376
var: 0.011988390527669762
Statistics computed column-wise, then average is taken.

Machine Learning Evaluation Results:
{'val': {'r2': 0.5657, 'rmse': 2.0588}, 'test': {'r2': 0.5487, 'rmse': 2.0265}}

Total training time: 10 min 9.05 sec
