Similarity and Privacy evaluation
wasserstein_distance_numerical: 0.011706486965593215
js_similarity_categorical: 0.9977435259871525
correlation_pearson: 0.9542279401135841
correlation_spearman: 0.9888675557055236
dcr_euclidean: 0.032183718925117205
nndr_euclidean: 0.8039768051120479
nndr_cosine: 0.6773705692850038
gower_distance: 0.06769936238984944
dcr_gower_distance: 0.006185230094090556

Absolute Difference of Basic Statistics:
mean: 0.006708871973593371
median: 0.0030816052931685453
var: 0.005168463003547127
Statistics computed column-wise, then average is taken.

Machine Learning Evaluation Results:
{'val': {'acc': 0.9987, 'f1': 0.9936, 'roc_auc': 0.9993}, 'test': {'acc': 0.9783, 'f1': 0.8903, 'roc_auc': 0.9938}}

Total training time: 4 min 46.75 sec
