Similarity and Privacy evaluation
wasserstein_distance_numerical: 0.06273484716272701
js_similarity_categorical: 0.981879288269122
correlation_pearson: 0.9802603692814849
correlation_spearman: 0.9789708944540965
dcr_euclidean: 0.24816682293939882
nndr_euclidean: 0.8272094926698175
nndr_cosine: 0.6984356789931312
gower_distance: 0.36220372073354185

Absolute Difference of Basic Statistics:
mean: 0.035825951381057076
median: 0.038411866840289965
var: 0.006514805333713683
Statistics computed column-wise, then average is taken.

Machine Learning Evaluation Results:
{'val': {'acc': 0.8412, 'f1': 0.6776, 'roc_auc': 0.8229}, 'test': {'acc': 0.8555, 'f1': 0.7107, 'roc_auc': 0.8284}}

Total training time: 7 min 33.21 sec
