Similarity and Privacy evaluation
wasserstein_distance_numerical: 0.15027795093958488
js_similarity_categorical: 0.9418099820143818
correlation_pearson: 0.9253939174131879
correlation_spearman: 0.9332012012479355
dcr_euclidean: 0.20581923397925866
nndr_euclidean: 0.705866775707148
nndr_cosine: 0.6156602537568918
gower_distance: 0.32846726773331014
dcr_gower_distance: 0.015379823298346255

Absolute Difference of Basic Statistics:
mean: 0.06459766028248146
median: 0.03345714173404888
var: 0.06835227360025214
Statistics computed column-wise, then average is taken.

Machine Learning Evaluation Results:
{'val': {'r2': 0.5268, 'rmse': 2.1491}, 'test': {'r2': 0.5534, 'rmse': 2.0158}}

Total training time: 14 min 9.93 sec
