Similarity and Privacy evaluation
wasserstein_distance_numerical: 0.018364108547955196
js_similarity_categorical: 0.9978865221097282
correlation_pearson: 0.918527756826427
correlation_spearman: 0.9732998472515622
dcr_euclidean: 0.09371333398571298
nndr_euclidean: 0.8648063746994444
nndr_cosine: 0.7595830592921934
gower_distance: 0.22926707889018624

Absolute Difference of Basic Statistics:
mean: 0.0070114674630073984
median: 0.004847396731109896
var: 0.008380356679105761
Statistics computed column-wise, then average is taken.

Machine Learning Evaluation Results:
{'val': {'r2': 0.5753, 'rmse': 2.0359}, 'test': {'r2': 0.5733, 'rmse': 1.9704}}

Total training time: 6 min 14.92 sec
