Similarity and Privacy evaluation
wasserstein_distance_numerical: 0.012411085601621507
js_similarity_categorical: 0.9910556465873263
correlation_pearson: 0.9909317193036119
correlation_spearman: 0.9876196102934939
dcr_all_euclidean: 0.2254029663578792
nndr_euclidean: 0.8104748872225646
nndr_cosine: 0.6760689447413581
gower_distance: 0.35010941776825383
dcr_gower: 0.0037464381148262366

Absolute Difference of Basic Statistics:
mean: 0.009831635960484093
median: 0.0203892241297507
var: 0.0018899586359313618
Statistics computed column-wise, then average is taken.
