Similarity and Privacy evaluation
wasserstein_distance_numerical: 0.008075945477879083
js_similarity_categorical: 0.9979008118376019
correlation_pearson: 0.9949187531151383
correlation_spearman: 0.9855522467222194
dcr_euclidean: 0.05323455330400058
nndr_euclidean: 0.5045587475687576
nndr_cosine: 0.3399493525721217
gower_distance: 0.36904766161372443
dcr_gower_distance: 0.01643579754295546

Absolute Difference of Basic Statistics:
mean: 0.0031982022344622363
median: 0.001247964651379029
var: 0.0005582312929807281
Statistics computed column-wise, then average is taken.

Machine Learning Evaluation Results:
{'val': {'r2': 0.8246, 'rmse': 4855.2555}, 'test': {'r2': 0.8072, 'rmse': 4836.6429}}

Total training time: 5 min 12.49 sec
