Similarity and Privacy evaluation
wasserstein_distance_numerical: 0.01982821401380477
js_similarity_categorical: 0.9901340154935571
correlation_pearson: 0.991175598876132
correlation_spearman: 0.9880290129783404
dcr_euclidean: 0.21783595615313545
nndr_euclidean: 0.8228453165256611
nndr_cosine: 0.6909285773936163
gower_distance: 0.3517549939176204
dcr_gower: 0.003844321304943656

Absolute Difference of Basic Statistics:
mean: 0.013365600442496755
median: 0.10039019195736347
var: 0.001516021746135437
Statistics computed column-wise, then average is taken.
