Similarity and Privacy evaluation
wasserstein_distance_numerical: 0.05145483437301604
js_similarity_categorical: 0.9867932228982591
correlation_pearson: 0.9698562467609012
correlation_spearman: 0.9763360068764386
dcr_euclidean: 0.2178313084313796
nndr_euclidean: 0.8646341648262367
nndr_cosine: 0.7613790904055643
gower_distance: 0.34178985688468494
dcr_gower_distance: 0.04285503659782043

Absolute Difference of Basic Statistics:
mean: 0.01960178332823639
median: 0.02618694640557996
var: 0.012928218030052417
Statistics computed column-wise, then average is taken.

Machine Learning Evaluation Results:
{'val': {'acc': 0.9206, 'f1': 0.8787, 'roc_auc': 0.9694}, 'test': {'acc': 0.9176, 'f1': 0.8757, 'roc_auc': 0.9671}}

Total training time: 83 min 12.56 sec
