Similarity and Privacy evaluation
wasserstein_distance_numerical: 0.0922653131255408
js_similarity_categorical: 0.9644758072715143
correlation_pearson: 0.9380593391209457
correlation_spearman: 0.9413610878272027
dcr_euclidean: 0.29411364571708176
nndr_euclidean: 0.8204859560414276
nndr_cosine: 0.6849214781842591
gower_distance: 0.3814161048216514
dcr_gower_distance: 0.05242321559311411

Absolute Difference of Basic Statistics:
mean: 0.05752608518655514
median: 0.05367100628137354
var: 0.01893496204378578
Statistics computed column-wise, then average is taken.

Machine Learning Evaluation Results:
{'val': {'acc': 0.8638, 'f1': 0.7416, 'roc_auc': 0.8577}, 'test': {'acc': 0.853, 'f1': 0.7172, 'roc_auc': 0.8405}}

Total training time: 55 min 57.51 sec
