Similarity and Privacy evaluation
wasserstein_distance_numerical: 0.05098269469772707
js_similarity_categorical: 0.9868667899103063
correlation_pearson: 0.9768102246645347
correlation_spearman: 0.9812826346792565
dcr_euclidean: 0.2298879025634907
nndr_euclidean: 0.7772870455139633
nndr_cosine: 0.6266496095456707
gower_distance: 0.36280937961504106
dcr_gower_distance: 0.05015734036186304

Absolute Difference of Basic Statistics:
mean: 0.026838241794893636
median: 0.03466630738552258
var: 0.00911543232789126
Statistics computed column-wise, then average is taken.

Machine Learning Evaluation Results:
{'val': {'acc': 0.8669, 'f1': 0.7455, 'roc_auc': 0.8595}, 'test': {'acc': 0.857, 'f1': 0.7211, 'roc_auc': 0.8534}}

Total training time: 29 min 26.99 sec
