Similarity and Privacy evaluation
wasserstein_distance_numerical: 0.00467973077225416
js_similarity_categorical: 0.9932081642998647
correlation_pearson: 0.9736390363165061
correlation_spearman: 0.9917251504937187
dcr_all_euclidean: 0.05039586507123532
nndr_euclidean: 0.8379522438071124
nndr_cosine: 0.7166714260664425
gower_distance: 0.12190485070886549
dcr_gower: 0.0011265500515305169

Absolute Difference of Basic Statistics:
mean: 0.003983570142874659
median: 0.001211452150836356
var: 0.001755424696956138
Statistics computed column-wise, then average is taken.
